4.412653105164102385e+01
4.481884524232428646e+01
4.491211661371130504e+01
4.495188724389582546e+01
4.497211824172133277e+01
4.512251776370058565e+01
4.534773206954712066e+01
4.543427494235248787e+01
4.560483760788353180e+01
4.637759389787805731e+01
8.413422131446233720e+01
2.783245198423452393e+02
4.738254521174327465e+02
4.782587943669223591e+02
5.152242139673262500e+02
5.327670876356024792e+02
6.857177956245466248e+02
3.307560627859357737e+03
4.265431746566393485e+03
2.169251107669478370e+04
1.886222653975636349e+05
